topic : 0
7357 0.02549011704488683
6119 0.01597266282206821
7010 0.015355615701065644
4269 0.014543502070842913
7364 0.011595609212117747
10002 0.011514994991470637
315 0.011172633363043407
5398 0.011092019142396298
2573 0.010924819277350442
11417 0.009043820795584552
topic : 1
10428 0.03564549459974987
12129 0.03338402152297729
11160 0.016929855343700933
4834 0.013966545794826517
9305 0.01388856396459298
688 0.00881974499941306
9557 0.00881974499941306
8560 0.008741763169179522
4835 0.008741763169179522
2051 0.008741763169179522
topic : 2
9555 0.04599901239213122
11077 0.0449173466268526
6578 0.01876925247489988
11074 0.0182519340654188
11019 0.01749947092435541
5117 0.01693512356855787
9548 0.015477226232747558
3533 0.014630705199051247
11996 0.012937663131658624
601 0.012420344722177545
topic : 3
7745 0.03717512508934447
10407 0.021049320943528228
10144 0.020820586132949275
10415 0.017789849892778136
7278 0.013443888491778012
5571 0.013100786275909581
377 0.012414581844172719
3734 0.011785561115080596
8249 0.010241601143672658
3566 0.009841315225159488
topic : 4
8071 0.04253406890503698
7390 0.02141682802966215
12154 0.01878630667494418
5505 0.015205874831022495
2150 0.014694384567605112
8596 0.013232983814984016
9951 0.012940703664459798
6687 0.011333162836576592
2640 0.010456322385003936
4379 0.009944832121586552
topic : 5
4231 0.055907859695451645
8208 0.03305487902033014
7842 0.020080577242621713
4000 0.019352195388434572
2697 0.014572189470331467
408 0.013525140554937453
4230 0.012068376846563174
1600 0.010975804065282462
11130 0.010975804065282462
4809 0.009473516491021487
topic : 6
6398 0.047508970247346696
4735 0.04515924173624948
8426 0.033474105356738997
8304 0.0193757342901557
8966 0.017280030482960885
7010 0.011564474645156841
3825 0.010294351125644833
6139 0.009532277013937628
9487 0.00845267202235242
10658 0.008198647318450018
topic : 7
9520 0.025828084359620043
3915 0.024073203597500748
9170 0.021566231080187473
2112 0.02050076776032933
11483 0.018871235624075697
8046 0.014546708031710293
1948 0.01216508414026268
1193 0.01153834101093436
9305 0.009407414371218073
5531 0.008216602425494266
topic : 8
9653 0.05858115966107905
9648 0.0483753827166402
4555 0.03816960577220134
10975 0.020843519331642343
6649 0.020368832031901
10720 0.01419789713526355
2203 0.013818147295470476
675 0.010020648897539737
2152 0.010020648897539737
2220 0.009973180167565602
topic : 9
7010 0.07091322228692294
8460 0.04484798407542751
6786 0.02242586993672035
8967 0.021449362453292566
4033 0.017768680400372463
3307 0.017580890499713276
6221 0.016228803214967114
2191 0.014501136128902576
10642 0.011609171658751064
8705 0.01048243225479593
topic : 10
2259 0.04282641792127098
7123 0.03750996834296175
8677 0.019192382977696317
11906 0.016534158188541703
4295 0.015857519151302346
4597 0.015132548754260178
3825 0.014262584277809577
11074 0.012039341726880263
12047 0.011701022208260584
8801 0.01155602812885215
topic : 11
10471 0.054520058336600306
9058 0.04745393669249266
10441 0.032582215557801004
6995 0.027036131709228143
2220 0.027036131709228143
110 0.02149004786065528
11900 0.017505083910199226
11416 0.01692993447405093
8139 0.015656389294008272
11090 0.014711500934621787
topic : 12
7390 0.21950940283182077
11133 0.03343939929626501
10497 0.03027425627557332
4033 0.028523326093914093
5398 0.023910298499927277
11414 0.016300486556562167
10216 0.016199471353774135
989 0.011014024277321803
10499 0.011014024277321803
8150 0.009801841843865415
topic : 13
12000 0.0656891995567439
2367 0.03120182179086597
7810 0.028936760963022296
8050 0.02513730409051032
2369 0.024893749162785195
7010 0.02155704665295096
5398 0.0204854049709604
136 0.020339272014325328
6578 0.019121497375699695
6092 0.014469598256149775
topic : 14
153 0.029016012786099034
10950 0.024070444196491632
3457 0.02033111184825189
1857 0.01942643466722615
2262 0.018823316546542318
1853 0.018280510237926872
11417 0.016953650372422448
10902 0.014420554265550362
6478 0.013877747956934914
8320 0.013093694400045937
topic : 15
10720 0.04183224038366618
9974 0.031196372059633135
9972 0.028521092297146295
8512 0.02395354148314437
6835 0.02395354148314437
12216 0.021604515350229097
8724 0.015144693484712089
3056 0.012143160092653683
9876 0.009337378878338217
9771 0.009076375974680964
topic : 16
2262 0.023250048421455
12315 0.01643230679836923
137 0.015347666085605583
4675 0.014495448382719862
2453 0.012791012976948419
8693 0.012326166957192571
9037 0.012016269610688673
7492 0.01031183420491723
8399 0.010079411195039306
6092 0.008452450125893837
topic : 17
5117 0.09559242263795471
5119 0.07897870337686565
3835 0.03304388751617744
3504 0.01779503470996538
2826 0.016900811860218374
5996 0.016759618778679375
3837 0.015535945405341369
9077 0.015206494881750368
10919 0.011959054006353352
7599 0.011864925285327352
topic : 18
9896 0.035659116832321695
4084 0.021841290532829467
11959 0.015714518494375364
11964 0.015062734234965352
5997 0.014085057845850336
3838 0.013954700993968333
10434 0.013302916734558322
5513 0.012781489327030313
8985 0.010565422845036277
6861 0.010043995437508267
topic : 19
11019 0.05287534895011913
9381 0.04340818060444543
7135 0.042485738560507996
10144 0.033698264352472404
9951 0.01607476635514135
9949 0.014132783104746745
2502 0.013453088967108635
8639 0.01117125864789497
1102 0.011122709066635105
10758 0.00947202330379969
topic : 20
1823 0.0379515880789112
3978 0.03162725619140645
1825 0.02787743108996559
11127 0.025694697075694044
474 0.024911151532109384
1181 0.02446341122148958
10500 0.015900377780885815
7774 0.011422974674687766
1469 0.011311039597032816
10592 0.0097439485098635
topic : 21
2073 0.027751367835675333
8874 0.02195114659012371
9429 0.018303584775910837
4831 0.018064400394650976
4986 0.015612760486737405
11182 0.01232397524441432
5420 0.010051723622445644
8139 0.008915597811461305
8873 0.008556821239571515
3685 0.008556821239571515
topic : 22
1728 0.060084787475601815
414 0.05027230434576673
1664 0.04782712246551656
7873 0.034267477493220184
5163 0.020993633000433574
12017 0.02077134373859265
1127 0.017691049681654126
2932 0.013880376621523997
4699 0.012959463965325883
8470 0.01257839665931287
topic : 23
3663 0.03379329944108709
8019 0.02564653130821429
3632 0.020152199311625662
4309 0.015794625659158814
8447 0.01528939972843802
2258 0.013836875177615738
10367 0.010805519593290975
11077 0.010047680697209785
6480 0.009416148283808793
2029 0.009416148283808793
topic : 24
11019 0.03813629669299655
11813 0.029460436470744842
1153 0.027157584683357043
5672 0.0178926228410759
9362 0.014679341277278971
6045 0.012697817646270863
8050 0.010448520551613013
175 0.00964520016066378
2152 0.008948989155174445
6185 0.008413442227874959
topic : 25
3825 0.028644288061204108
11019 0.025701885589585815
10200 0.021190201799771095
3239 0.0199151607287365
3914 0.017414118627860947
10688 0.01702179829831184
3978 0.016139077556826354
3307 0.014569796238629928
8045 0.013785155579531716
3699 0.01339283524998261
topic : 26
7599 0.10092153827836754
11482 0.05482081200142932
8007 0.02386474580307205
10175 0.014577925943564865
9771 0.011387069889272653
4599 0.01129182045481617
10036 0.009910703655197152
9788 0.008958209310632313
7470 0.008767710441719345
11995 0.008196213834980441
topic : 27
3056 0.05012069812651638
11436 0.03687594796095498
8369 0.026664672833312485
11964 0.025767447822097035
11060 0.022733972784178134
5117 0.020896797761213164
9605 0.017735147721692057
6561 0.0167097477088744
6838 0.015470722693386398
2943 0.015214372690181983
topic : 28
11093 0.031942464277786665
10729 0.02978804296168917
4311 0.01926939771250729
11019 0.019079301714028097
3659 0.009954693787026948
10338 0.009637867122894963
7890 0.00868738713049901
10977 0.008560656464846217
1948 0.007863637803755852
6795 0.007736907138103057
topic : 29
9100 0.06872244088661829
10702 0.022911426119378128
4545 0.01924180994939248
5433 0.01580894320972849
4448 0.013027137403449046
9175 0.012316889112484082
3546 0.008943209730400503
1476 0.008528898227337607
11077 0.007463525790890162
3399 0.007463525790890162
topic : 30
1536 0.1277496865571229
2960 0.04119810969814163
10643 0.034695030379860964
3978 0.026373293286128925
9045 0.02367286204379204
9382 0.018024000771556713
11573 0.014689794849895863
10434 0.014248908116453107
136 0.014000909328891555
5362 0.012898692495284662
topic : 31
2502 0.05312226473604025
12041 0.03656688423737787
5398 0.02791407207342441
10990 0.02676369820191615
12152 0.024963113011729304
7364 0.019261259909470956
4295 0.01455973191287197
10991 0.013759471828344482
11442 0.013409358041363707
11430 0.012459049190987314
topic : 32
125 0.04956091450048479
8384 0.030744754149711787
9205 0.029742561854064757
10582 0.020772940808023832
9455 0.017390541810215102
8627 0.01593736298152691
10619 0.013582211086756387
3533 0.01355715627936521
3239 0.013005950516759344
11443 0.012955840901976993
topic : 33
8043 0.03982410168367678
1392 0.024101683684221872
8750 0.021451161109601123
6318 0.01843920363844118
12152 0.01777657299478599
9621 0.0173548989488236
11411 0.013680310834008466
6257 0.013258636788046074
7923 0.010367157615732528
2203 0.008258787385920566
topic : 34
8186 0.030723225163355652
4533 0.02385646250968568
10375 0.014036253553361954
11900 0.013667072765530235
1543 0.012559530402035078
7962 0.009901428729646703
6968 0.009606084099381327
1874 0.009310739469115951
10415 0.008277033263187138
7364 0.008203197105620794
topic : 35
7117 0.0929427038679268
4000 0.047821081253219835
6795 0.03934546701614676
11906 0.022198270582761918
12124 0.016515199764840085
7139 0.016515199764840085
8208 0.014065600274356537
1863 0.012595840580066409
10473 0.01029321705901187
12382 0.009999265120153845
topic : 36
10144 0.08200209559119191
11019 0.049439832352700136
10405 0.03487816017839111
778 0.024346471078152847
10468 0.016017839391739935
6342 0.015158109669271504
10463 0.014190913731494519
6332 0.014137180623840243
8639 0.010483329303349415
1600 0.010268396872732307
topic : 37
8410 0.03218911330494837
4397 0.0197506264529143
5531 0.01655043323370165
1456 0.015584337167524246
8333 0.012565286960719858
11494 0.01250490595658377
3654 0.012142619931767244
7081 0.01196147691935898
9164 0.011236904869725927
7132 0.010814237840773313
topic : 38
11420 0.04511059519861589
10471 0.04434523050233805
3239 0.028119498941247843
11419 0.023425262137410426
4176 0.022557848814962207
5571 0.019037171212084144
11074 0.015720590861546837
601 0.015516493609206079
4675 0.014751128912928239
3925 0.01291425364186142
topic : 39
2022 0.04467178638300002
9966 0.02638191636590488
5262 0.02632764375457819
10408 0.024970828471410897
5001 0.02084611001058232
1149 0.018892296002821416
3301 0.01661284632710036
7475 0.01335648964749885
9909 0.011185585194431179
10758 0.011185585194431179
topic : 40
2241 0.02947236273676584
9164 0.026370786101977156
12194 0.01654912675847964
7865 0.016106044382081255
10350 0.016106044382081255
10509 0.015515267880216746
5068 0.014407561939220785
10511 0.011822914743563546
5069 0.010936749990766777
10335 0.009090573422440178
topic : 41
8128 0.05492953097665171
8129 0.018556292702243474
6156 0.017962174472715937
11193 0.01650988546720417
7985 0.01314321549988145
6815 0.010106611215629583
11789 0.009116414166417017
11875 0.009050401029802846
953 0.008192230253818622
10282 0.008192230253818622
topic : 42
768 0.028907260805686723
7475 0.028337097870663318
8050 0.025705576632093746
7841 0.021758294774239392
2697 0.017767154229075544
10582 0.017284708668671125
2150 0.01706541523212366
5398 0.01688998048288569
8208 0.013688296309292712
10554 0.013249709436197785
topic : 43
4952 0.02237222206332222
6076 0.019054428967764336
3110 0.018081972370790473
10175 0.015336212567570154
132 0.01333409604438867
11190 0.013048079398219888
1500 0.011103166204272163
427 0.009673082973428246
7278 0.009558676314960733
1872 0.009215456339558193
topic : 44
1769 0.08048722487911762
1767 0.02415515100272121
6589 0.023785240573889335
468 0.01680978677305976
1191 0.014801701587972458
10902 0.012529394668005246
145 0.01200095119824543
2377 0.0097814886252542
11868 0.009094512114566439
8303 0.008618912991782605
topic : 45
11243 0.08558855885587946
8391 0.031937039857829655
2777 0.027085272629825147
11417 0.02499788440382321
2826 0.023531071055821848
1432 0.013263377619812314
3876 0.012022227863811161
11208 0.010724662209809957
4332 0.01010408733180938
5444 0.009539928351808856
topic : 46
12262 0.0822430238547887
9058 0.05595481269650454
11019 0.039577967637086986
4853 0.03517291603759073
6180 0.021638039752041725
9899 0.019755235439353806
4201 0.015598856107571042
9896 0.014248920939983476
8139 0.012010870530561988
9972 0.011335902946768207
topic : 47
10992 0.06737103510555849
6795 0.04727847386839373
1600 0.03720961733830893
2150 0.028179252737336007
10991 0.026147420702117098
10200 0.020909809233552804
4750 0.017387967039173363
9648 0.01422733942883284
688 0.011608533694550692
3699 0.010705497234453399
topic : 48
1609 0.06684615609726849
2931 0.039688624857331024
8967 0.01973018056246319
5117 0.01651107664393612
8303 0.016394018319626044
11074 0.01299932691463386
5343 0.01177021450937807
12216 0.011536097860757918
11024 0.009429048023176564
1767 0.009370518861021526
topic : 49
10647 0.027015856048452365
5821 0.0191056476037723
7055 0.016682700872969396
9104 0.015970069481556777
3205 0.015613753785850469
10692 0.014402280420449018
945 0.012763228220199995
9797 0.012121859967928639
8967 0.01140922857651602
10972 0.01140922857651602
