topic : 0
7357 0.014173396807461072
7010 0.010185387578334223
6119 0.008767998777452546
4269 0.008020826937480647
5398 0.00762677429433988
7364 0.006909620314995049
10002 0.006368207265139591
315 0.006135159510816727
11019 0.006032553005400572
2573 0.0060150880683084605
topic : 1
9616 0.01096821877309933
5837 0.003872875092388173
12129 0.0035772357723585415
8732 0.0035772357723585415
9320 0.0035772357723585415
10814 0.0035772357723585415
7934 0.00328159645232891
7981 0.00328159645232891
12367 0.00328159645232891
7402 0.0029859571322992783
topic : 2
7094 0.008032004923836265
9567 0.00649330666256495
10888 0.006185567010310687
12121 0.004646868749039371
9479 0.004646868749039371
10766 0.004339129096785108
12206 0.004031389444530845
11034 0.004031389444530845
9977 0.003415910140022319
12167 0.003415910140022319
topic : 3
9652 0.008411914384076137
12327 0.006017063313876525
4627 0.004819637778776719
190 0.004819637778776719
11031 0.004520281395001767
10206 0.004220925011226816
12312 0.003921568627451864
8362 0.003921568627451864
11003 0.003921568627451864
5912 0.0036222122436769125
topic : 4
3303 0.004607170099162014
10426 0.003996948893974992
12001 0.0036918382913814817
12154 0.0030816170861944596
10541 0.0030816170861944596
9585 0.0030816170861944596
3375 0.0030816170861944596
11929 0.0030816170861944596
10972 0.0030816170861944596
7742 0.002776506483600949
topic : 5
8093 0.009861462833310726
7338 0.008967674661107337
1846 0.008967674661107337
7842 0.00628631014449717
3244 0.005392521972293781
8151 0.005094592581559318
8246 0.004200804409355928
6442 0.0039028750186214656
5992 0.0039028750186214656
7624 0.0036049456278870024
topic : 6
11943 0.010033876431684985
11309 0.004226488143249945
9488 0.004226488143249945
2892 0.0039038554605591094
6513 0.003581222777868274
6291 0.003581222777868274
11092 0.003581222777868274
9930 0.0032585900951774384
10000 0.0032585900951774384
9701 0.0032585900951774384
topic : 7
9197 0.005585557784293833
10972 0.004968369078847
9242 0.004351180373400168
9561 0.004042586020676752
11271 0.0037339916679533353
11409 0.0037339916679533353
12042 0.003425397315229919
4847 0.003425397315229919
10386 0.003425397315229919
5063 0.003116802962506503
topic : 8
12048 0.0119551327559305
7227 0.009399403663213768
3558 0.009399403663213768
10975 0.008547493965641523
9051 0.007695584268069278
6780 0.00741161436887853
11940 0.00741161436887853
4708 0.006843674570497033
7228 0.006559704671306285
10067 0.006559704671306285
topic : 9
7635 0.011391114348145279
11343 0.008477785870358762
8953 0.0055644573925722465
8859 0.004690458849236292
4964 0.004399126001457639
10003 0.004107793153678988
5528 0.0035251274581216845
326 0.0035251274581216845
8886 0.003233794610343033
11580 0.003233794610343033
topic : 10
7943 0.007513845232751295
11618 0.00541835054632663
6261 0.0045202813950017745
9318 0.0045202813950017745
10692 0.0045202813950017745
11441 0.004220925011226822
6970 0.0036222122436769186
11190 0.0036222122436769186
11906 0.0036222122436769186
8795 0.0033228558599019665
topic : 11
10441 0.01501951600312618
10019 0.007525370804061142
3204 0.006276346604216969
7566 0.005651834504294883
7008 0.00533957845433384
12110 0.005027322404372796
10311 0.0044028103044507095
10453 0.00346604215456758
9668 0.0031537861046065365
6861 0.0028415300546454935
topic : 12
10386 0.0218533886583729
1116 0.006485323497773112
12027 0.0058706008913491205
10653 0.0058706008913491205
10500 0.005255878284925129
10973 0.005255878284925129
8257 0.004948516981713133
12363 0.0046411556785011365
4965 0.004026433072077145
11016 0.004026433072077145
topic : 13
7656 0.011453479633250892
11203 0.007244851946492034
11969 0.005140538103112605
12068 0.00423868931309285
11330 0.00423868931309285
8594 0.003938073049752931
9465 0.003938073049752931
7472 0.0036374567864130127
12198 0.0036374567864130127
12125 0.0036374567864130127
topic : 14
11455 0.006836813611757214
4861 0.006218097447797285
10026 0.004361948955917498
2155 0.0040525908739375335
4346 0.003433874709977605
11854 0.003433874709977605
11107 0.003433874709977605
7764 0.0031245166279976404
12213 0.0031245166279976404
11747 0.0031245166279976404
topic : 15
10766 0.013562970936493909
5835 0.007719514070430774
12216 0.004028909733969846
490 0.0037213593725981017
6595 0.003413809011226358
12233 0.003413809011226358
856 0.003413809011226358
2397 0.003106258649854614
10386 0.003106258649854614
9890 0.00279870828848287
topic : 16
9080 0.00417963539350916
10500 0.00417963539350916
7756 0.003883207351416312
11384 0.0035867793093234636
7192 0.0035867793093234636
8528 0.0032903512672306156
11281 0.0032903512672306156
12315 0.0029939232251377673
4607 0.002697495183044919
11690 0.002697495183044919
topic : 17
8955 0.006576281751598856
12372 0.006264609630670001
9981 0.005017921146954578
11109 0.00408290478416801
11916 0.00408290478416801
4356 0.003771232663239154
5940 0.003771232663239154
11008 0.003771232663239154
10626 0.003459560542310298
1805 0.0031478884213814425
topic : 18
10451 0.006369811320756102
10386 0.00576603773585031
12060 0.005464150943397414
10969 0.005162264150944519
9901 0.004256603773585831
4363 0.003652830188680039
8732 0.003652830188680039
4106 0.003652830188680039
10164 0.0033509433962271434
10170 0.0030490566037742477
topic : 19
7002 0.005040530582167678
11563 0.004745762711865475
12104 0.004450994841563271
9745 0.0038614591009588643
1849 0.0035666912306566607
9294 0.0035666912306566607
8242 0.0035666912306566607
6506 0.0032719233603544576
12040 0.0032719233603544576
4284 0.0032719233603544576
topic : 20
11127 0.0070138150903309845
8538 0.006102930013664623
4034 0.004888416578109474
12127 0.004281159860331899
3802 0.004281159860331899
6148 0.003977531501443112
7361 0.003977531501443112
2845 0.0033702747836655378
9972 0.0030666464247767504
7497 0.0027630180658879634
topic : 21
11398 0.008256206845895824
1707 0.007668576465405018
10878 0.005611870133687197
6526 0.005318054943441794
4744 0.005318054943441794
8322 0.005024239753196391
9083 0.004730424562950988
10697 0.004730424562950988
10777 0.004142794182460182
7309 0.003555163801969376
topic : 22
12119 0.006119652915209165
8065 0.0042928908509676225
4028 0.003988430506927366
5762 0.003988430506927366
4743 0.003683970162887109
10209 0.003683970162887109
3108 0.003683970162887109
11682 0.003683970162887109
8440 0.003683970162887109
10982 0.003683970162887109
topic : 23
9065 0.007484717459372501
5647 0.006291933800508358
11641 0.00539734605636025
11606 0.0045027583122121415
10369 0.00390636648278007
4940 0.003608170568064034
6450 0.0033099746533479983
504 0.0030117787386319626
8009 0.0030117787386319626
10711 0.0030117787386319626
topic : 24
11813 0.009785661492980675
7780 0.00919438285292142
10310 0.006237989652625143
11815 0.005351071692536261
9639 0.005055432372506633
5429 0.0035772357723584942
11166 0.0035772357723584942
7991 0.0032815964523288665
5250 0.0032815964523288665
11106 0.0032815964523288665
topic : 25
10200 0.009287740779455583
9369 0.005405405405406625
8328 0.004808123040168324
12221 0.004509481857549173
8910 0.004210840674930022
7070 0.004210840674930022
7241 0.003912199492310872
6318 0.0036135583096917213
10499 0.0036135583096917213
9401 0.0036135583096917213
topic : 26
7116 0.005034594435449378
4120 0.004740173708230116
7131 0.004740173708230116
7547 0.004445752981010854
6861 0.004445752981010854
9423 0.004445752981010854
4862 0.004151332253791592
12415 0.004151332253791592
9648 0.00385691152657233
6495 0.0035624907993530683
topic : 27
6567 0.004912280701755492
10964 0.004912280701755492
10173 0.004607170099161983
10111 0.003996948893974965
7401 0.0036918382913814565
12284 0.0036918382913814565
12156 0.0036918382913814565
7220 0.0033867276887879477
4396 0.0033867276887879477
6179 0.0030816170861944388
topic : 28
10376 0.0052982184353226516
11289 0.0052982184353226516
9551 0.004368706429125694
9642 0.0037490317583277234
4482 0.003439194422928738
9835 0.003439194422928738
1236 0.003439194422928738
8632 0.003439194422928738
8376 0.003439194422928738
9472 0.003439194422928738
topic : 29
10200 0.004875094625284984
11774 0.004269492808479396
11315 0.004269492808479396
7572 0.003663890991673808
3864 0.003663890991673808
4072 0.00305828917486822
4244 0.00305828917486822
10378 0.00305828917486822
11372 0.00305828917486822
9695 0.00305828917486822
topic : 30
12018 0.013142601698706619
11912 0.01075845626583467
7925 0.005394129041872785
5013 0.004798092683654798
965 0.00420205632543681
4554 0.00420205632543681
8321 0.0039040381463278165
8462 0.0039040381463278165
10141 0.0033080017881098292
10765 0.0033080017881098292
topic : 31
11389 0.008365488501313847
12163 0.005278592375367778
11715 0.004969902762773171
10270 0.004352523537583957
7470 0.0037351443123947435
10197 0.0037351443123947435
5579 0.0034264546998001365
11056 0.0034264546998001365
6418 0.0031177650872055295
8624 0.0031177650872055295
topic : 32
3237 0.006073424988670413
10944 0.00577126454147288
11001 0.004562622752682747
11504 0.003656141411090149
4376 0.003353980963892616
3641 0.003353980963892616
8472 0.003353980963892616
6278 0.0030518205166950828
1233 0.0030518205166950828
9035 0.0030518205166950828
topic : 33
7101 0.00462551692449184
10692 0.00462551692449184
12106 0.004319191300353308
12083 0.004319191300353308
12074 0.004012865676214776
12057 0.003706540052076243
9013 0.003706540052076243
9266 0.003706540052076243
11055 0.003706540052076243
11857 0.003400214427937711
topic : 34
9892 0.004109803921569574
10428 0.004109803921569574
12170 0.0037960784313734236
11049 0.0034823529411772726
10622 0.0034823529411772726
4610 0.003168627450981122
8186 0.003168627450981122
5884 0.002854901960784971
10634 0.002854901960784971
6847 0.0025411764705888205
topic : 35
12124 0.0076419546354104554
11906 0.006424113259249426
12140 0.005510732227128655
9862 0.004597351195007883
4074 0.004292890850967626
4642 0.0036839701628871117
12226 0.003379509818846854
5826 0.003075049474806597
9218 0.003075049474806597
8258 0.003075049474806597
topic : 36
5092 0.00964398377647801
4481 0.004837013669822305
10688 0.004536578038156322
6181 0.0042361424064903406
8040 0.003935706774824359
7405 0.0036352711431583773
9886 0.0033348355114923957
8745 0.0033348355114923957
8086 0.0033348355114923957
10504 0.0033348355114923957
topic : 37
10077 0.004875094625284986
10601 0.004875094625284986
11906 0.0045722937168821915
5530 0.004269492808479398
8063 0.004269492808479398
10457 0.004269492808479398
9229 0.004269492808479398
9804 0.003966691900076603
9538 0.003966691900076603
11877 0.0036638909916738094
topic : 38
8458 0.0068678459937580715
10844 0.0068678459937580715
10688 0.005381299241862385
8905 0.005083989891483248
9293 0.005083989891483248
6352 0.00478668054110411
3422 0.00478668054110411
4304 0.004192061840345835
5095 0.003894752489966698
634 0.003894752489966698
topic : 39
10521 0.009938447680530727
12017 0.005434619426513782
10003 0.005434619426513782
10567 0.004834108992644855
7552 0.004533853775710392
2855 0.0039333433418414655
11235 0.0039333433418414655
9060 0.0036330881249070027
11521 0.0036330881249070027
4932 0.0033328329079725396
topic : 40
12282 0.009092329323545235
3140 0.006280268708015782
10725 0.004093110451492872
5100 0.0037806592719895997
10904 0.0034682080924863267
11899 0.003155756912983054
12205 0.0028433057334797817
5788 0.0028433057334797817
11883 0.0028433057334797817
11480 0.0028433057334797817
topic : 41
12281 0.006082614616433505
12288 0.005779996973824873
10282 0.004872144045998977
11882 0.004266908760781713
9461 0.004266908760781713
10737 0.004266908760781713
1334 0.003661673475564448
7830 0.003359055832955816
5486 0.003359055832955816
9975 0.003359055832955816
topic : 42
7505 0.005218983671601974
5802 0.004303372501145487
11783 0.004303372501145487
8374 0.003998168777659991
7154 0.003998168777659991
11556 0.003387761330689
9393 0.003387761330689
10753 0.003387761330689
7698 0.0030825576072035046
7433 0.0030825576072035046
topic : 43
8457 0.009448579674922382
12022 0.00549901260823457
9925 0.0045875740543835355
10660 0.004283761203099858
11176 0.00397994835181618
10200 0.0036761355005325022
10927 0.0036761355005325022
10976 0.0036761355005325022
8422 0.003372322649248824
8902 0.0030685097979651463
topic : 44
10149 0.017922668688404465
11922 0.014890068233513692
9046 0.007005307050797684
9908 0.005489006823352298
4140 0.004882486732374143
3138 0.004882486732374143
11429 0.004882486732374143
9409 0.003669446550417834
11369 0.003669446550417834
10148 0.003669446550417834
topic : 45
8150 0.006114068441066066
11050 0.006114068441066066
3729 0.005505703422054517
10388 0.004897338403042968
8746 0.004288973384031418
10972 0.004288973384031418
6901 0.003984790874525644
2138 0.003984790874525644
12194 0.0033764258555140955
3186 0.0033764258555140955
topic : 46
6180 0.023316138540903964
10477 0.006219602063376406
8001 0.0056300663227720074
10527 0.0056300663227720074
11715 0.0044509948415632095
10709 0.004156226971261011
12262 0.003861459100958811
5524 0.003861459100958811
3884 0.003861459100958811
8549 0.0035666912306566117
topic : 47
10992 0.010472922571985096
10574 0.005400566910339893
3121 0.005102193047890175
9812 0.004207071460541021
10868 0.004207071460541021
9913 0.003908697598091303
5455 0.0036103237356415853
9574 0.0036103237356415853
11359 0.0033119498731918676
8109 0.00301357601074215
topic : 48
10383 0.01151863308293094
10177 0.009456473707470159
8356 0.007099720135514979
10800 0.007099720135514979
10466 0.006805125939020581
4469 0.006215937546031786
3269 0.0059213433495373885
7562 0.005626749153042992
944 0.004153778170571004
9471 0.004153778170571004
topic : 49
10692 0.00823214004100493
12075 0.006655101718973333
11837 0.006339694054567015
8371 0.00413184040372278
11376 0.00413184040372278
6256 0.003501025074910142
12079 0.003501025074910142
6950 0.0028702097460975035
2031 0.0028702097460975035
7114 0.0028702097460975035
