topic : 0
7357 0.030600886692987567
6119 0.023667675453938643
7010 0.017303007661923483
315 0.016724401499013015
4269 0.016489604795223257
10002 0.015580606127694347
2573 0.014978520294404902
5398 0.013838079161711803
7364 0.013158845840034296
3602 0.012608750705441155
topic : 1
10428 0.03228936646657514
9305 0.029365844555712044
9557 0.014499424626003976
11019 0.012882157185952052
2051 0.012135726059774242
11214 0.01201132087207794
8560 0.011762510496685337
12129 0.011638105308989035
11160 0.010580661213570468
5501 0.010394053432026016
topic : 2
11077 0.05683440765316682
9555 0.029096468140778823
11019 0.02023923972830038
6578 0.01967187278372881
11074 0.01415580526706074
8426 0.01412428488125121
3533 0.012958030606298533
11718 0.010625522056393177
6342 0.010436399741535986
9009 0.010247277426678796
topic : 3
6675 0.06731888951759563
5883 0.03391680508150215
7745 0.021614616606132193
2094 0.015007209739538835
10415 0.012853414131091277
1481 0.01234234398671389
3734 0.012050303904212526
12382 0.011867778852649174
11214 0.01161224378046048
7278 0.010480588460767696
topic : 4
3755 0.03631622084792604
8071 0.02936194521024358
8596 0.02916325162059551
4344 0.028219457069767175
6328 0.025537093609518228
7492 0.017490003228771384
3079 0.016099148101234893
8985 0.015652087524526733
2400 0.013963192012518137
6981 0.013714825025458049
topic : 5
4231 0.05526571891996087
8208 0.03282511210762955
7842 0.017330407403876966
408 0.015498521133482572
1600 0.01511687816048374
4000 0.014391756511785958
4230 0.014200935025286542
2697 0.010995134052096353
4809 0.01095696975479647
11130 0.00977387653850009
topic : 6
6398 0.04164119509843972
4735 0.039548395979618525
7010 0.02991050530083668
8426 0.019171141401622627
8304 0.01652760567258532
8966 0.015315985130109889
6139 0.013002891367202245
11718 0.01129560787553232
9401 0.008652072146495014
8967 0.008541924824451793
topic : 7
8512 0.050757046751266674
9170 0.038596610746835965
11850 0.022689261687818763
2573 0.014309801583925329
2460 0.014241675892023757
9520 0.013321979051352526
8514 0.012845099208041518
3755 0.011244145448354562
10657 0.009064123307504238
2112 0.008961934769651878
topic : 8
9653 0.05044879602737058
9648 0.04306567975265696
4555 0.04010493769325404
6649 0.017206033917365603
7472 0.01604422374215686
2203 0.015407102033171421
6646 0.012446359973768497
7470 0.011921671507545193
10720 0.009860395390239361
675 0.008586151972268481
topic : 9
7010 0.08155386283318908
8460 0.032724610337505275
6786 0.016729791757604237
5398 0.01605395435281969
3307 0.013773003111671829
2191 0.011942610140380335
7968 0.010253016628418958
8967 0.009943257817892705
2735 0.009098461061912018
2502 0.00892950171071588
topic : 10
2259 0.04532119155517101
6119 0.04154120401194757
3825 0.030287150190077796
7123 0.027623977148261283
4295 0.018431734713604285
11074 0.01344902386117339
8677 0.01297652541827046
11906 0.011387212473960608
8801 0.010699942011556345
2262 0.010699942011556345
topic : 11
10471 0.059809373636139765
7357 0.04333722845599676
11417 0.027822438722221038
9058 0.025147474975018326
10441 0.02230356614904492
2220 0.021599628320833678
6995 0.018502301876704225
110 0.01396894226302384
11416 0.013940784749895392
8139 0.012476594067216013
topic : 12
7390 0.17463618012221613
10497 0.035124615729693096
4033 0.030295673742964945
5398 0.016415763988762735
11133 0.014040874487093154
8967 0.013618671909018562
11414 0.01306453102529566
10498 0.012958980380777013
7357 0.011560434340904925
2352 0.008895280566809063
topic : 13
12000 0.046371221418930825
7010 0.03321129113768094
2367 0.026837594496762106
6092 0.023970462350847162
7810 0.023619805901346776
5398 0.023454791101581884
6578 0.019906972906636778
2369 0.019494435907224557
11718 0.01860748135848828
8050 0.018339332308870335
topic : 14
11900 0.05332101135044689
1853 0.029293144712213337
10367 0.026449610198812916
10902 0.02545437311912277
1127 0.019719911850431922
6835 0.018677282528851768
10950 0.01464894196820117
1857 0.014601549726311162
1859 0.01384327385607105
3457 0.013416743679060988
topic : 15
9972 0.04925430801329422
10720 0.041526929912683266
9974 0.034984416454165994
8512 0.025711562733432846
6835 0.01659325657471192
6608 0.013141694356439028
8724 0.011905313860341275
6162 0.011441671174304618
12216 0.009999227262190572
10722 0.009484068722149843
topic : 16
4269 0.05150432339543248
11019 0.030064646354435804
7492 0.026682305447204773
3562 0.022372548484765237
8627 0.01904476146313471
8693 0.015880636098305683
137 0.01211641799187115
2262 0.01211641799187115
6092 0.01206186410627065
12315 0.011189001936662644
topic : 17
5117 0.09376326082879625
5119 0.06330845950667562
8303 0.026704963699614982
3915 0.02122021275060747
3835 0.020238731001837706
3914 0.015966398683663438
11996 0.01293535210658034
2826 0.009557900206402032
3837 0.009442431765370296
7599 0.009355830434596493
topic : 18
4084 0.021855397821059733
3036 0.017893694288541352
11964 0.017773642666343827
3838 0.01285152615624523
10434 0.012791500345146466
3792 0.01141090668987491
9896 0.010810648578887277
6861 0.01051051952339346
3914 0.01051051952339346
11133 0.009310003301418193
topic : 19
11019 0.05721559587051047
7364 0.02955196952992311
7135 0.025021549564000833
9951 0.0202104841134639
9381 0.01908790217500528
989 0.011871303999199882
5343 0.0093855868497558
5505 0.0093855868497558
9949 0.009225218001404568
1102 0.008383281547560606
topic : 20
3978 0.03914237246638923
1823 0.039037442507137005
3475 0.03826795613928734
1825 0.02875430650041872
6741 0.027390217030139764
8627 0.01857610045295266
474 0.01598782812473105
1181 0.015428201675385838
11127 0.01525331840996546
11875 0.014343925429779488
topic : 21
3685 0.03785512130836507
2073 0.023380214747125146
11182 0.016337200509865122
8874 0.0157322790416342
4986 0.015473026983820947
4831 0.013096549787199468
9429 0.012578045671572963
5420 0.011627454792924371
133 0.011195368029902283
9916 0.010158359798649272
topic : 22
1728 0.04570137386871223
414 0.03893473821579095
1664 0.03642141640184877
7364 0.030210611534703165
12017 0.017764835244508677
5163 0.017644002464992228
11019 0.01435735086214475
7873 0.01334235551420656
1127 0.013197356178786817
4699 0.011384864486040046
topic : 23
957 0.04043873291316131
8447 0.03536383727593355
4344 0.03330113775886679
8605 0.03064909552263809
9715 0.016963247933210975
5315 0.016275681427522053
2095 0.01611197511664374
6357 0.015326184824427828
3632 0.014802324629617222
3663 0.014540394532211917
topic : 24
11019 0.03561179719131573
1153 0.02019616811506356
11718 0.0193491555284563
11813 0.017790652369098936
8050 0.015825583168170086
5398 0.014944690078098535
7037 0.013149023394491139
10002 0.012640815842526782
5672 0.011285595703955162
7962 0.011014551676240839
topic : 25
3914 0.027319480813071197
9401 0.020273910668202468
755 0.018804513686117547
3307 0.01778723885236645
7364 0.014547030122640725
10200 0.013642785825973081
1996 0.013152986831944774
5398 0.012813895220694406
11019 0.012625510992221981
3239 0.012437126763749555
topic : 26
7599 0.0881722656452391
11482 0.041102886622850096
11964 0.02150214814431861
6185 0.02146763980192683
9305 0.02060493124213231
8007 0.020466897872565188
7470 0.01753368876926382
11483 0.014082854530085741
3915 0.01311662094311588
4804 0.01228842072571314
topic : 27
8369 0.061547930029970124
10415 0.05191952623878329
3056 0.039774607820354455
2943 0.027848516760816223
11436 0.026262018408859302
6578 0.020736627596871407
6328 0.020517800237980797
940 0.014609461547934334
11060 0.014472694448627702
6580 0.013351204234313328
topic : 28
3562 0.025389666114518632
11093 0.020440257848207816
10729 0.019562137026765573
7475 0.0183646995429807
6234 0.01828487037739504
713 0.013415291276669883
4023 0.012497255872434812
4311 0.010860757977928816
7765 0.010381782984414866
8249 0.009423832997386965
topic : 29
11718 0.08196803118910631
9100 0.04148460038987493
7348 0.03035009746589527
4802 0.019621052631584333
10702 0.016377387914234515
10975 0.015285769980511017
7786 0.012135672514623214
4545 0.010201949317741592
573 0.008704873294349368
11077 0.008580116959066682
topic : 30
1536 0.11651559122451559
3978 0.04471594234054563
9381 0.02766173432219747
10643 0.026945170960082004
2960 0.025798669580697254
9045 0.02360120860354315
2150 0.016746085772638503
9382 0.014476968459272852
11573 0.013091612625849612
5362 0.011443516892984035
topic : 31
5398 0.06591232360040133
7873 0.04711767432197837
2502 0.04574323568427057
7357 0.03164724872545335
12152 0.029889245816757327
12041 0.028578734557547565
4295 0.0145786386664774
10990 0.01413114701699114
11442 0.009656230522128531
4329 0.008761247223156009
topic : 32
125 0.03643076586473994
8384 0.022391583783838206
9205 0.021662275623791364
7765 0.01621069712744121
10619 0.015207898407376802
4269 0.014916175143358064
10582 0.014569753767335814
9455 0.012764716071219876
8627 0.011853080871161322
6119 0.011415495975133217
topic : 33
12152 0.03475295581829577
8043 0.02788301182327383
8750 0.021809583074051536
1392 0.020963285625389412
6318 0.014840074673304641
9621 0.01439203484754234
7765 0.012749222153080572
8627 0.01230118232731827
11411 0.01115619166148128
7470 0.010907280647168891
topic : 34
4533 0.09682727984048925
11900 0.06926474671244216
315 0.041197405285346586
2795 0.039682980388201144
8186 0.021206996643026714
7364 0.012524293899392828
5941 0.011868043110629802
10375 0.009596405764911635
8854 0.009142078295768002
7962 0.008334385017290431
topic : 35
7117 0.07350086892001603
4000 0.050264581258675216
2960 0.02089703786148482
7139 0.016054517407692787
11906 0.01601546482338801
7786 0.014219045945368386
6749 0.01363325718079677
6342 0.013320836506358572
12124 0.013281783922053798
11133 0.011993048639996241
topic : 36
10144 0.11694306648126669
5343 0.03176072562735336
7475 0.026737790323589465
10405 0.025824529359268756
778 0.021050665227592327
11019 0.020511011021402816
10468 0.015197492683536878
10463 0.013703065651012083
427 0.011502936964239468
8470 0.011004794620064536
topic : 37
9866 0.032706222865416135
315 0.0174568546558112
4397 0.014087305872952321
3654 0.01140894658401321
7081 0.011020152493683339
3915 0.010933753806943367
1456 0.010372162343133554
8410 0.009032982698663998
1153 0.008903384668554042
8627 0.008557789921594157
topic : 38
7010 0.09103490846480364
2259 0.04233524471663596
11420 0.02911258751483193
3239 0.025278991569345745
4176 0.024986598658249343
3925 0.016929549552481774
601 0.016734620945084173
11419 0.01533763259206802
7135 0.015110215883437484
5571 0.014492941960011744
topic : 39
2022 0.06772333722981481
5262 0.025403681176077633
10407 0.021995918609952727
2573 0.0212034156875981
9966 0.020569413349714395
10408 0.01934103382006472
5001 0.016725774176294447
427 0.01660689873794125
1149 0.013952013948053243
3301 0.012367008103343985
topic : 40
9164 0.06239687037641103
2241 0.021019635378790986
12194 0.020116859342479275
9180 0.015001128470046253
1542 0.014800511573088095
1214 0.014148506657974081
10509 0.011991875015673883
10350 0.011741103894476187
2460 0.011440178549038948
7865 0.011089098979362173
topic : 41
1212 0.07495376338060841
2942 0.028511647891801148
8128 0.024364363242358182
8693 0.0218610472827845
8622 0.018946739150743498
11795 0.01648078611593957
1759 0.015733527620544443
6357 0.01143679127202245
6409 0.010838984475706347
6156 0.009680733807843898
topic : 42
7357 0.08510393073966607
11019 0.03755444469759886
3239 0.035115322245610064
8369 0.02184756824852818
768 0.02029296272967818
7364 0.019622874143966972
4046 0.016192020585125595
8050 0.014905450500560078
10582 0.01412814774113508
7841 0.013216827264567839
topic : 43
9305 0.04986389832737035
4952 0.021066661660633618
10175 0.018588672586312072
132 0.014533781373785908
11077 0.01295687923558129
10758 0.012356154611503339
3110 0.011868065854440004
12262 0.010478890161259745
1500 0.010216073138225642
1872 0.009052169179074612
topic : 44
1769 0.06436101188307973
1767 0.05488372093024528
10002 0.03986585988190761
1759 0.038320332434214614
11417 0.02860975431946424
8050 0.023185827804918988
2625 0.020153094700011965
3602 0.014641685499748237
1761 0.013562732375887085
8139 0.013475249690168613
topic : 45
4269 0.08014354432314623
11243 0.045784530808592856
11208 0.036438879132634334
8391 0.023336641979084652
9401 0.019641139192186022
7348 0.01731999694586953
10253 0.01710620752844564
7578 0.014815606627475416
2014 0.012891501870660427
7472 0.012738795143929078
topic : 46
12262 0.059817784805373454
9058 0.04138543784354447
11019 0.04027106392591755
4853 0.032410210074549306
6180 0.017230630223631315
7873 0.015062118816357318
9899 0.013104434907012736
7364 0.012983962051053068
9896 0.012863489195093402
4201 0.012863489195093402
topic : 47
6795 0.05746979221087159
10992 0.047931377340379146
8050 0.0398085576096771
10991 0.021742867254256795
688 0.01908020020560343
7357 0.017563491127256574
2150 0.016046782048909723
4750 0.014867119432417723
1432 0.013754866108296697
10200 0.013620047523554753
topic : 48
1609 0.0414533139460089
2931 0.029747289760918033
9058 0.028348456682196484
8050 0.025845281699221078
11417 0.014875485450299441
7348 0.014176068910938665
3914 0.012703613038600192
3978 0.012629990244983267
4675 0.010936665991794022
8303 0.010678986214134788
topic : 49
10647 0.03584756765013007
8967 0.02877071506758771
2275 0.023679454216837804
945 0.016602601634295437
5821 0.014820660336532971
7087 0.012936893821755505
7055 0.01268233077921801
157 0.011867729043098026
10692 0.010187612962350557
9104 0.009780312094290564
